10000
77.4
52.8
52.1
34.2
78.9
4.5
72.5
1
41.2
81.6
62.8
55.9
11.9
71.6
85
63.8
12.8
13.9
60.9
54.3
37.8
99.5
98.2
77.1
99
5
99
77.1
83.8
45.1
95.3
67.2
26.4
99.3
64.6
6.8
87.8
58
7.9
0.8
54.8
73.8
73.3
90.4
28.9
11.9
25.5
42
24.1
44
2.4
84
36.1
94.9
53.5
25.5
71.7
42.9
2.6
9.1
92
67
41.3
16.8
29
15.7
67.2
55.4
83
39.5
20.7
5.1
19.6
78.5
70.2
40.2
46
51.7
15.6
28.9
29.3
2.1
31.1
7.7
38.1
53.1
76.1
57.1
76.9
82.6
89
46.5
24.7
55.2
61.3
65.1
3.4
82.1
39.1
31.2
46.2
77.1
39
88.4
78.1
11
3.8
50.2
1.8
55.7
41
86.9
60.3
81
11.3
52.6
4.4
34.2
75
88.1
32.2
44.1
31.6
95
61.2
44.9
29.8
77.8
72.1
80.8
29.2
14.2
94.2
16.3
75.5
8.1
23.1
12
17.4
10.1
92.9
99.2
18.4
61.6
76.5
52.6
22.7
67.6
84.7
39
66.9
71.2
5.5
42.5
20.2
81.6
15.9
28
29.1
3.5
77.5
96.7
2.2
98.8
2.2
13.2
97.4
58.8
21
78.4
70
30.9
28.2
21.4
19
81.8
10.5
91.3
68.7
46.1
10.1
85.9
46.3
88.9
84.9
25.9
60.4
78.5
68.8
91
96
28
66
40.1
69.4
77.9
64.6
18.2
3.2
64.3
88.6
79
67.4
45.6
5.3
2.2
45.2
59.5
15.2
20.4
38
57
77.6
3.6
61.8
37
39.2
14.2
27.2
2.3
35.1
61
21.8
43.2
3.9
0.7
27.4
65.7
3.7
45.6
68.8
85.6
16.2
38.5
31.2
8.4
3.3
39.2
53.9
66.7
24.2
19.1
19.4
83.6
95.8
92.1
70.4
87.6
80.4
83.5
65.6
68.4
11.6
75.7
5.6
47.4
85
70.5
50
98.3
61.2
97.1
55
89.8
14.3
84.1
98.8
95.5
20.8
17.3
9.8
58.6
91.1
15.3
87.4
60.9
32
8.3
6.5
3.1
47.7
88.9
36.4
36.7
91
67
1
99.2
76.3
67
50
56.6
37.1
91.8
0.2
4.1
74.2
68.7
54.4
74
37.6
85.3
78.5
73.7
43
93.1
93.1
69.1
19
3.4
89.2
52.3
30.6
57.7
16.2
88.8
94.2
31
39.3
93.7
41.9
87
79.2
66
66.6
13
97.3
15.7
83.7
24.3
74.7
63.1
45.8
9.5
10.5
56.6
34.5
62
73.3
32.8
48
69.3
15.3
87.3
15.7
96.3
5.2
51
84.4
50.9
13.2
55.7
49.8
53.1
13
50.7
73.7
7.9
47
41.3
27.6
8.5
75.8
50
26.2
43.6
87.3
89
93.4
34.1
11.3
21.8
75.8
62
36
43.1
62.8
67
42.5
48.3
60
50.6
62.7
46.8
11.1
66.6
42.6
33
94.4
64.4
4.6
57.9
94.9
81.1
20
20.2
18
58.8
14.6
35.8
44.6
23.8
6.2
80.7
40.7
24.9
10.6
15.1
82.4
4.2
60.2
50.2
54.6
95
43
58.2
41.2
31.8
28.6
49.6
99.8
11.3
33.2
55.9
17.4
58.4
39.3
27.5
2.7
13.4
36.2
44.9
63.3
47.8
3.6
99.3
46.8
41.8
52.6
4.7
12.1
75.3
36.6
71.1
13.7
66.4
56.6
41.1
51.9
78
71.2
89.5
50
41.5
20
24.7
31.2
51.4
28.1
23.9
66.8
6.6
20.3
70.6
51.8
25.4
11.6
58.3
10.1
91.1
6.8
50.5
32.6
42.4
12.5
23.8
48.6
4.1
90.6
83.5
5.7
14.3
93.5
9.4
40.2
35
90.6
21.2
45.9
57.7
27.3
6
39.2
1.7
96.4
4.3
32.7
78.1
38
90.5
5
61.7
95.6
20.4
5.7
54.6
51.9
42.7
52.1
72
9.9
79.8
15.4
98.1
81.2
64.5
0.8
89.3
94.7
55
67.9
93.5
47.2
69.1
6.9
79.5
18.2
20.3
55.4
30
53.5
50.3
94.7
6.4
26.3
96
36
78.9
34.9
30.3
29
91
63.9
30.9
13.7
43
43
78
4.5
42.9
66.6
49.3
54
7.3
60.7
76.4
45.9
7.9
24
99.3
89.6
7.4
74.6
6.5
31.1
95.5
6.9
11.6
32.4
15.3
57.4
10.4
26.5
76.3
3.2
97.4
60.8
65.2
50.1
71.5
52.3
98.1
95.2
57
88.1
50.6
17.2
12.7
67.6
95.8
6.6
5.5
85.7
62.4
80.7
79.9
48
40.2
30
15.4
23.7
66.3
61.8
82.3
73.3
7
86.2
77
66.9
6
96.9
11.4
64
44.6
46.7
90.7
97.5
23.1
75.3
61.3
95
15.9
90.1
16.4
60.5
26.1
27.7
36.1
21.2
85.4
43
84.9
42.6
83.1
6.6
36.5
10.4
49.5
2.3
97
39.3
86.4
93.9
62.5
94.9
89.6
95.7
46.6
13.4
81.1
39.8
26.8
86.6
58.7
75.9
39.2
88.3
9
57.2
62.3
31.6
23.9
70.6
11.3
65.3
72.8
19.7
61.6
90.4
87.9
18.9
21.2
58.8
99.2
67.4
34.4
58.6
4.2
47.8
3.7
40.6
6
61.7
28.6
43.2
1.7
50.7
87.5
86.8
93.5
57.3
13.8
55.9
82.1
45.7
61.8
48.4
91.5
68.3
91.4
31.8
70.2
11.2
66.6
10.2
23.6
13.5
81.6
57.4
0.4
39.6
78.2
80.7
5
31.6
14.5
70.4
86.6
1.4
65.3
24.1
94.7
31.9
44
99.1
80.7
32.1
70.8
92
27.9
42.9
34.5
57.7
85.1
85.4
40.3
21.4
57.1
74.4
79.9
82.7
54.4
8.9
38.7
85.6
18.2
55.9
77.5
62.6
95.8
0.2
52.7
95.2
76.7
54.7
5
31.4
27.7
71.6
25.6
0.1
66.1
96.2
37.5
33.9
85.5
48.9
79
24.6
6.9
78.3
27
7.1
5.9
1.2
44.6
34.7
57.6
40.8
24.7
79.7
29.2
96.6
19.9
38.5
82.6
68.7
40.1
12.1
18.4
13.8
50
73.5
22.8
4.2
29.1
61
88.2
93.7
56.5
71.6
75.5
53.2
42.2
22.7
12.8
47
7.8
27
37.5
78.5
45.6
40.3
74.1
71.4
90.2
73.4
58.1
79.7
90.7
82
96
39.4
97.7
86.5
40.5
59
98.8
75.1
50.7
66
75.9
41.7
74.9
66.1
66.1
26.3
42.9
23.8
77.1
89
5.2
7.3
14
97.8
81.6
36.7
23.7
38.9
97.5
39.7
97
47.5
83.6
30
59.2
64
64
91.7
88.4
24.2
71.4
66.8
0.4
64.4
65.8
0.4
84.5
3.5
58.6
70.8
84.5
67
79.8
35.3
9
94.7
20.6
35.6
40.2
24.7
4.9
46.9
66.8
50.2
29.2
28.8
84.7
58.1
40.4
33.5
7.4
21.9
12.8
4.8
53.2
89.5
57.9
39.3
27.7
28.6
9.6
81.7
68.4
88.4
83
86.4
1
85.3
70.2
12.1
89.4
70.8
2.7
62.3
29.9
43.6
61
3.1
54.4
63.7
42.6
54.9
40.6
86.6
24.5
66.5
40.7
16.8
47.1
28.2
24.4
34.5
86.3
4.3
27.2
46.6
69.1
0.6
58.8
59.4
57.7
71.9
57.8
14
99.6
16.2
37.4
70.2
78
81.6
8.1
26.7
99.3
65.3
64
55.8
50.4
46.1
75.7
73.7
71.1
28.9
48.4
42.8
43
18
96.1
92.9
11
87.6
19.2
72
13.5
21.3
38.1
18.3
22.9
31.9
62.1
54
43.4
70.7
46
73.4
88.2
51.3
28.8
72.1
98.6
15.9
84.6
60.8
53.8
79.7
71.6
63.9
74.9
56.4
63.1
44.9
67.9
3.2
17.4
60
69.5
51.5
83
44.4
9.3
78.9
44.8
61.4
84.5
31.3
51.2
96.5
42.8
8.1
77.4
20.1
10.6
55.6
69.8
98.9
68.1
51.1
34
89.8
41.4
84.2
29.8
1
47.7
66
87
49
14.5
54.6
28.7
26.8
44.5
89.2
78.3
40.4
15.6
32
13.2
16.1
68.8
30.8
81.1
43
52.9
99.8
1
36.2
35.6
90.2
74
78.1
19
20.6
27.5
2.8
7.3
64
52.8
76.6
31.9
30.5
94.3
27.2
16.4
18.1
46.6
4.5
22.5
19.5
58.6
25.8
4.5
30.6
48.5
96.2
25.5
37.2
23.6
47.8
87.4
83.4
74.8
21.5
18.4
92.8
24
72.6
36.2
8.3
38.1
92.4
15
87.2
82.2
80.5
92.3
59.8
32.1
79.5
0.9
24.7
20.1
46.4
37.2
81.1
63.7
46.8
69.1
64.6
20.1
52
50
9.9
64.4
24.9
21
82.5
93.8
99.3
72.9
18.9
87.5
57.9
75.3
56.7
31.6
42.2
64.9
1.7
85.2
49.2
11
3
13.7
18.7
10.1
9.6
9.2
27.5
88.5
56.5
9.8
71.3
82.5
41.8
46
5.1
72.4
48.8
71.4
29.3
34.9
92.6
90.8
70
41.4
55.9
11.3
48.2
29.5
54.2
8.3
9.7
30.4
71.1
92.2
33.8
38.3
75.2
58.4
76
29.5
72
64.5
48.1
93
20.6
90.9
14.1
28.7
12.5
97.4
75.4
42.3
11.9
12.6
37.5
52.5
32.7
26.9
54.4
60.5
13.2
18.2
99.3
23.9
23.5
14.8
10.3
93.1
13.9
83.5
95.5
55
94.3
93.2
28.8
45.4
3.9
14.9
69.5
63.5
41.7
26.4
31.2
40.7
82.3
55.5
58
88.7
89.6
36.8
67.3
57.8
97.9
7
84.6
50.5
8.8
70.3
63.2
48
47.4
54.7
24.4
15.7
68.3
87.8
56.5
75.8
19
9.3
70.4
67.9
19.5
88.7
33.4
54.8
25.4
27.3
87.5
94
83.3
66.6
90.1
47.1
43.5
11.3
51
3.3
60.9
91.5
4.6
79.1
97.2
33.8
66.6
48.9
16.3
23.4
71.3
52.9
9
33.4
81.7
43.6
99.5
81.8
99.8
35
55.6
73.8
47.5
6.7
25
94.7
53.2
86.7
78.1
89.6
65.8
46.1
13.9
56.9
73.6
11.1
24.1
57.5
84.7
10.1
91.9
58.6
17.3
94.4
40.4
44.6
3.5
9.7
73.8
79.5
91
11.1
80.2
46.1
41.3
75.7
10.7
82.8
37.3
7.1
76
45.2
61.8
76.6
10.4
65.5
36.8
1.7
5
30.5
76.1
71.9
26.3
88.5
35.1
97.1
65
91.9
47.5
72.7
11.8
92.1
71.9
14.8
99.2
56.1
14.6
90.5
14.1
29.1
43.4
17.8
97.2
56.3
30.2
86.7
47.1
15.8
26.8
57.3
39.8
33
27.3
17.5
12.4
61.1
39.1
83.3
81.4
52.7
38
56.6
37.8
90
27.3
27.2
58.8
44.8
71.1
81.6
63.1
38.6
76.1
30.9
78.6
15.9
51
55.6
75.2
19.9
57.3
63.4
90.9
36.1
36.7
47.9
66.9
38
94.3
54.7
57.5
42.4
34.1
26.1
29.9
26.8
69.1
84.9
68
44.1
27.1
43.3
93.7
52.7
83.5
37.6
42.5
68.7
16.1
80.3
30.8
72.8
15.5
54.5
67.1
86.2
91.4
50.8
91.5
87.2
62.1
38.4
77.4
81.7
6.9
79.6
28.3
85.7
83
50.3
81.9
61.2
10.5
34.1
96.4
66
17.6
77.8
57.7
27.5
52.8
44.6
27.4
76.3
31.8
20.9
70.1
97.7
60.4
55.2
65.3
36.7
8.3
40.9
94.6
52.1
93.3
63.6
96.9
63.5
51.5
41.9
48.6
48.1
38
53.1
15.9
9.5
3.9
70.7
85.8
26.6
0.3
50.1
56.2
68.7
94.1
78.7
17.4
83.4
1.1
7.5
52.3
20.9
18.3
71
25.1
64.2
11.7
81.3
30.9
63.4
60.8
50.1
8.7
24.8
8.1
17.3
5
51.4
41.8
14.9
58.1
22.2
9.8
8.9
93.3
17.9
33.8
23
73.1
0.9
36.8
41.3
40.5
34.2
28.1
86.2
61.8
96.3
69.3
83.8
10.4
71.9
40.5
44.4
19.3
9.8
84.8
53.6
94.2
89.2
3.9
80.5
68.1
91.8
21.3
4.1
68.9
28.9
9.1
74.7
17
29.5
95.5
30.8
2.8
54.3
24.3
0.1
59.8
48.4
85.2
32.8
92.9
35.2
1.2
73.6
83.3
96.5
44.1
30.2
45
26.8
36.7
47.8
9.5
57.8
33.1
75.9
68.1
89.6
52.1
56.9
45.3
69.8
47.5
37.9
43.1
41.8
89.9
28.8
67.1
65.3
90.8
77
90.5
6.2
73.1
35.5
43.3
39.4
97.1
32.7
3.8
58.8
13.8
68.6
15
64.2
32.6
12
6.6
71.2
91.6
72.1
23.6
90.7
21.8
41.6
19.8
17.6
35.5
37.1
1.3
67
52.3
36.5
46.2
97.8
60.4
60.3
88
52.2
44
33.9
64.2
32.3
5.5
97.3
33.4
76.6
65.2
34.2
31.8
74.5
37.1
71.5
87
13.1
35.8
62
69
62.6
68.1
22.5
49.7
64.8
48.2
64.9
11.4
82.6
94.1
27.2
99
32.3
66.2
70.4
58.3
31.3
32.8
44.4
36.7
82.3
19
58.5
45.2
67.5
88
62.2
63.5
72
19.2
6.2
34.6
33.4
45.4
54.7
61.8
91.3
22.5
10.1
38.1
40
79
64.3
20.4
6.2
64.6
73.7
42
46.2
13.1
69.1
59.4
36.3
40.3
11.3
2.9
94.2
0.9
77.1
20.3
54.8
60
99.1
68.6
31
21.7
82.4
10.4
31.4
23.9
84.1
62.9
32.2
40.1
9.1
72.9
91.6
44.8
8.4
33
27.4
91.3
9.7
59
92.3
10.9
13.2
68.8
35.4
52.7
51.3
94.3
39.7
11.8
75.8
23.9
32.1
32.4
33.7
61.2
7.5
20.6
63.1
77.2
58.6
82.9
48.1
62.9
58
77.9
10.5
26.3
85.4
85.8
30.3
55.5
2.4
1
72.5
38.1
55.1
93.8
22.5
45.3
3.7
86.5
89.2
61.2
50.2
78.9
62.2
18.9
94.1
8.4
10
26.6
47.9
9.7
93.3
43.3
66.1
70.5
49.8
95
83.2
11.8
50.8
69
9.6
93.2
37.8
30
77.4
78.6
53.8
19.2
21.8
85.1
9.6
95.7
82.3
90.1
23.8
34.8
33.4
79.4
59.5
34.1
65.7
43
12.6
59.6
75.3
17.6
66.8
19.6
51.3
11.7
63.3
81.8
32.5
81.6
45.2
2.2
55.7
81.4
41.3
7.7
60.6
97
94.7
73.9
31.5
22
76.9
75.9
43.2
7.2
79.4
61.5
60.7
9.2
99.7
73.4
12.7
49.7
13
89.1
96.2
1.4
92.5
69.1
57.3
96.1
25
89.8
80.5
27.2
53
95.8
61.6
16.7
12.5
96.5
14.6
50.6
59.3
79.2
32.1
0.6
55.3
94.3
11.5
8.3
73.7
69.5
80.7
32.4
3.3
69.8
60.9
70.6
12.1
52.6
92.2
1.4
18
28.8
25.5
37.4
59.2
61
34.4
34.6
55.7
72.3
1.2
2.3
57.1
74.2
30.7
10.7
13.7
49.4
10
13.8
33.1
41.6
49.7
96.9
47.6
59.3
48.8
82.5
74.9
69.8
20.2
4.6
59.6
70.5
47.3
37.7
63.2
73.8
87
69
97.1
64.5
74.5
53.8
36.2
29.8
21.3
93.6
45
51.4
54.6
73.1
55.5
36.8
88.5
55.9
42.5
9.7
92.5
73.9
59.2
27.9
92.7
94.6
95.2
36.4
62.9
50.5
86.5
97.3
49
4.1
80.9
14
47.3
55.6
64.3
14.7
23.9
47.8
26.7
79.8
3.7
6.8
67.2
11.2
10.7
88
48.8
4.1
38.6
85.6
45.8
73.4
52
49.1
88
9.7
18.5
94.9
14
64.3
41.2
12.5
61.2
69.5
92.4
54.9
12.1
83.3
10.4
6.6
7.6
91.1
22.2
39.8
73.8
20.7
51.5
83.4
45
56.9
62.9
78.3
18
99
46.1
80.6
65.3
28.1
74.3
94.2
72
46.8
13.2
2.3
63.9
87.9
19.4
79.7
29
13.3
97.8
62.3
93.5
3.9
57.9
63.2
83.4
60.5
90.9
91
19.9
36.9
1.6
9.7
91.8
90.3
14.2
14.2
18.2
83.5
19.8
68.5
73.4
40.1
29
39.9
71.2
49.8
90.8
24.4
36.6
98.1
47.6
49.2
60.9
60.5
95.7
49.2
29.6
41.8
30.5
48.4
56.6
67.4
73.8
95
1.6
48.9
63.5
40.1
55.7
99.1
81.4
34.4
26.2
1.7
51.1
57.3
13.5
97.8
5.6
64.1
66.3
1.2
19.8
83.2
74.1
11.3
3.7
89.6
25.1
99.1
70.4
81.9
25.6
33.2
35.5
39
14.4
46.1
53.2
30.5
96.7
52.5
91.9
12.7
71.1
12.5
40.1
21.6
78.1
51.9
46.3
17.4
44.2
24.7
42.5
46
60.9
14.8
79.3
80.6
85.2
82.7
78.4
99.7
14.8
66.1
18.7
50.5
23.3
45.8
10.5
46
55
29.4
67.3
21.2
97.7
69.1
48.1
88.9
46.6
63.1
55.4
29.7
29.7
40.8
41.9
77.6
66.9
6.9
57
61.2
27.5
59
21
52
22.7
6.3
22.6
65.4
0.1
4.9
7.4
82.7
31.4
16.1
60.4
74.2
98.1
7.7
79.2
73.7
41.3
37.2
81.5
73.9
30.8
67.8
89.3
6.8
1.8
78
54.5
74.7
95
64.1
9.5
70.9
65.3
78.5
99.2
86.3
42.5
72.9
68
2.1
67.5
60.7
53.6
66.8
20.3
87.5
28.4
2.1
48.7
34.2
56.8
65.9
57.9
63.3
77.5
74.4
62.4
3.4
49.3
61
10.4
26.7
76.5
77.2
22.5
85.1
37.3
73
50.4
15.4
53.7
1.2
45.5
11.9
89.3
83.9
61
83.5
89.5
66.4
65.5
75.5
26.8
49.1
54.1
77.8
97.8
79.5
86.2
59
48.5
10.7
98.3
68.4
23
57.2
68.7
29.4
32.1
5.6
26.2
21.2
78.2
58.2
58.5
26.5
46.7
44.7
96.3
63.9
0.8
16.9
59.8
30.1
13
93.7
57.8
31.2
32.4
63.8
5.3
28.8
96.3
87.6
32.4
3.7
78.5
2.3
58.4
29.7
38.8
60.8
74.9
41.6
76.8
70.9
93.5
38.9
57.8
11.5
51
89.4
22.2
15.9
86.7
5.2
50.8
13.4
63.5
36.3
39
27.4
85.2
51.3
96.6
29.4
42.2
16.5
10.2
69.1
47.6
74.9
95.9
19.6
80.2
97.3
75.7
18.2
78.6
91.6
91.5
97.3
82.6
13.7
12.3
37.9
42.3
55
81.7
25.8
91.2
75.6
43.3
28.4
9.2
72.8
6.2
24.1
36.6
30
60.4
26.5
72.2
92
24.8
59.4
52
55.5
99.9
45.2
75.3
58.1
53.2
88.3
97.5
36.7
74.2
46.1
33
95.7
60.9
45.3
16.8
93.8
46
44.7
1.2
17.3
95.5
10.1
96.3
90.7
93.3
78.5
62.7
32.4
30.5
8.4
25.3
22.7
49.2
55
16.4
89.6
24.6
21.4
81.4
20.8
2.3
85.3
59.5
74.4
42.8
36.7
88.4
35.7
15.8
58.6
49.3
40
18.1
45.7
81.4
7.2
17.6
41.1
13.4
85.7
77.6
91.2
91.3
97.9
38.2
62.7
22.1
45.4
77.8
7
68.7
74.9
19.8
42.7
63.5
62.4
25.8
38.3
9.9
8.6
43.3
94.8
5.5
50.6
10.8
93.5
7.8
11.8
63.7
42.2
59.6
11.7
14.3
59.8
66.9
27
33.2
72.4
53
62.2
14.3
82.7
49.7
23.6
64.3
63.8
73.7
15.5
7.5
62.2
87.8
66
63.6
59.8
85.7
43.4
40
35.7
63.6
75.4
83.6
98.7
77.3
85.8
71.6
63.2
71.3
94.5
91.8
0.2
57.1
84.8
95.6
52.5
17.3
38.4
2.2
6.3
83
97.9
52.7
47.6
30.8
77.5
87.1
25.6
23.6
36.9
62.5
82
92.8
39
97.3
85.9
76
7.2
40.9
77.2
49.2
55
93.2
43.4
0.1
89.3
43.5
54.7
89.8
52.6
37.5
16.6
1.7
74.4
2.2
76.9
19.8
5.6
15.4
22.6
93.5
10.9
87.9
15.6
88.1
59.3
76.8
90.8
90.2
6.1
42.9
98
24.7
55.6
68.6
19.1
11.5
29.2
9.1
17.4
88.1
100
26.2
99.5
27.5
40.9
33.7
90.1
22
58.9
25.3
46.7
3.5
46.4
62.6
70
52
16.3
8.6
89.4
34.2
74.7
35.2
48.6
0.9
36.4
63.6
25.5
85.1
66.1
34
26.2
35.4
53.3
92.4
25.4
75.5
1.4
61.4
16.7
99.7
8.9
61.6
52.5
32.7
32.2
16.3
22.2
28.4
75.7
54.1
69.9
70.5
75.3
35.3
25.9
29.9
6.9
22.2
50
31.8
39.2
58.9
9.9
57.2
24.5
58.3
46.2
25
37.5
29.5
20.9
71.4
49.7
90.7
83
47.6
11.4
61.6
83.2
24.6
26.2
19.8
1.7
18.2
8.8
90.6
77
42.9
15.9
33.2
38
50.2
95.8
92
47.7
58.3
25.7
91.2
33.3
42.4
38.9
88.2
56.1
4.2
91.9
77.4
39.9
55.4
35.2
17.9
77.1
66.1
49.5
10.6
73.7
44.6
53.5
85
46.1
73.4
35.4
60.6
77.6
2.7
37.4
70.8
45.9
69.2
8
3.2
85.7
34.8
49.5
55.3
33.6
98.2
61.8
31.3
67.2
50.4
55.6
17.8
62.3
11.4
66.2
99.1
33.2
50.4
42.2
8.9
27.4
80.6
76.7
36.4
38.3
69.3
96.9
16.1
7.8
22.7
15.4
81.3
21.9
3.9
67.7
70.6
7.7
25.3
32.2
30
67.2
44.6
9.4
23.9
40.3
44.5
43.7
79.9
85.5
30.9
15.7
89.6
89
79.9
43.7
37.5
55.5
93.8
38.2
8.8
10.3
53.9
61.6
27.3
41.8
61.6
23.2
18.3
83.4
36.8
92
3.2
0.9
91
11.1
58.5
40.1
28.5
41.9
45.6
2.1
68.5
46.1
83.7
26.1
58.2
10
15.7
22.6
61.3
2.9
12.7
57.1
0.5
76.1
71.5
34.4
60.8
76.7
58.2
92.5
39.8
45.9
48.3
48.1
29.3
83.1
27.1
10.3
75.4
36.9
57.2
66
9.5
29.3
8.1
53.9
35.8
42.1
14.3
22.2
66.8
63.8
75.1
72.5
2.5
34.9
35.4
0.3
41.5
20.2
64.1
87.1
36.8
21.9
31.1
93.7
63.8
25.2
18.7
27
76.5
51
73.8
19
41.2
99.8
16.4
37.9
81.2
99.1
75
71.6
99.9
78.6
26.4
7.6
2.2
76.5
62.4
75.7
14.8
46.5
39.1
23.2
63
87.3
69
88.1
15.9
45.6
5.2
93.4
25.4
69
22.6
44.9
68.3
92.6
15.1
71.1
42.7
33
37.6
77.5
37.6
28.8
33.9
87.1
44.4
62.4
94
61.9
25.5
86.9
23.2
76.8
79.1
2
47.8
16.9
48
6.6
95.4
32.7
18.1
99
82.8
32.6
6.1
51.1
47.2
66.1
70.5
11.9
10.3
81.4
50.8
80.8
17.4
9.5
76.4
70.2
63
65.6
12.9
19.7
62.8
74.3
25.2
95.6
97.7
54.4
56.2
25.1
27.7
41.6
52.8
64.9
48
36.4
87.3
19.3
16.1
86.2
63.8
26.9
22.6
13.6
44.6
55.5
87.5
23.6
47.8
93.5
31
89.1
3.4
8.2
41.1
92.4
13.2
13.8
24.5
10.3
61.2
25.8
0.5
44.3
30.6
83.5
87
22.9
85.6
79.4
31.2
98.6
54.7
54.8
25.7
86.2
17.9
28
7.2
28.6
10.5
49.2
97.2
85.9
87.3
23.5
94.1
81.6
64.8
48.5
48.1
52.7
64
11.1
49
61.4
54.5
41.2
90.2
70.3
85
61.2
62.3
36.8
47.2
49.3
15.5
76.9
80.6
4.7
99.9
66.8
42.2
39.6
89.6
5.8
72.7
84
71.4
42.7
73.6
30.9
94.1
91.7
59.5
91.4
84.4
41
53.3
86.9
39.2
15.5
63.8
55.8
85.3
61.8
78
72.7
63.4
51.8
13.3
0.1
25.5
61.6
99.6
67.2
50.6
79.8
31.5
23.3
5.9
96.5
35.5
38.7
48.9
73.2
84
31.6
85.1
51.1
12
46.1
67.6
60.9
87.6
32.1
36.1
38.2
56
87.4
31.7
36
30.4
29.3
73.5
32.8
18.8
50.2
97.8
51.1
99.8
99.1
36.6
67.8
79.3
88.5
4.5
1.1
60.4
50.8
59.2
63.6
63.9
30.1
77
67.3
63
13.2
34.1
74.1
22.7
71.8
58
66.1
40.8
15.5
70.5
74.1
7.8
69.7
93.7
75.1
77.6
76.9
62.8
1.3
29.1
67
90.5
44.9
29.8
76.2
44.1
47.5
22.1
96.3
13.8
61.1
13.7
30.3
35.2
27.9
15
43.6
71.1
14.3
40.5
13.1
72.4
29.5
7.3
83
98.9
72.5
59.2
76.7
67
22.7
41.7
6.7
88.5
86.3
96.8
12.7
44.8
68.2
24.7
95.3
76.5
27
20.8
69.1
48.2
8.4
56.1
43.5
75
94.8
66.2
54.2
48.8
16.5
6.9
10.3
65.5
45.6
95.8
73
14.6
24
22.6
3
48.1
11.7
76.6
96.2
41.9
95.4
89.6
93.5
0.9
61.9
89.7
46.3
18.7
74.7
87.5
28.4
41.8
26.9
95.6
55.5
98.9
26.5
75.6
41.1
20.8
8.9
63.5
24.9
54.6
1.2
56.7
97.4
94.1
80.3
32.5
70.7
30
18.7
36.6
26.7
75.2
51.4
82.8
33.1
52.3
82.9
60.4
47.7
95.3
72.1
16.6
11.5
81.9
0.9
84.3
81
36.6
42.4
18.3
15.6
72.4
23.9
31.1
47.5
65.8
2.5
61.3
34.7
9.7
31.7
88.1
0.7
32
39.5
33.8
55.1
61
62.7
98.1
44
97.2
50.6
11.7
70.9
17
55
53.3
82.1
6.7
84.5
64.2
66.8
60.2
58.5
58.7
3.8
77.4
7.8
0.5
87.3
88.4
71.1
15.4
60.3
25.9
12.6
9.9
22.8
40
70.6
3
75.7
38
94.2
4.1
90.5
29.9
54.4
35.1
35.5
69.3
62.3
38.6
24
39.5
98.5
8.3
39.8
41.8
84.3
5.4
66.1
86.8
1
22.5
19.7
79.2
61.8
49.4
70.5
44.6
37.3
56.6
24.3
22.3
47.1
4.1
81.5
29.2
84.7
31.6
55.6
84.6
61.6
73.8
40.8
99
88
20.6
14.7
63.1
55.3
18.3
56
32
12.6
62.1
63.1
66.2
44
24.3
71
13
89.9
43
10.6
7.1
41.8
9.3
86.4
83.8
12.2
23.4
19.2
34.1
33.4
88.8
25.3
3.7
37.4
69.2
11
20.3
9.3
22.5
80.1
57.8
17.1
89.5
90.4
75.9
4.9
1.2
44.4
66.9
82.7
18.2
48.2
17
69.8
88.7
25.1
22.6
23.5
16.9
72.8
21
64.2
43.6
16.6
55.1
68.3
99.9
50.2
84
70.6
41.9
62.4
57.7
76.1
15.8
71.3
72.2
94.6
10.3
72.2
88
67
70.9
20.3
98.6
11
44.4
2.4
80.6
78.4
21
9.1
70.1
52.4
39.1
85.1
38
15
67.6
0.3
76.5
98.3
11
58.1
85.3
24.8
47.5
14.5
40.7
83
46
90.4
64.1
67.6
15.5
3
19.7
80.5
50.3
0.8
53.2
87.4
0.5
83.4
97.4
31.5
86.5
55.6
20.4
92.9
46.2
45.4
11.3
63.5
12.2
76.9
77.4
48.7
77.3
52
58.2
98
43.6
35.9
43.4
90.1
68.9
88.3
93.3
59.2
13.3
33.8
65
88
15.3
97.2
70.9
24.1
44.9
7.4
30.3
13.8
18.7
62.2
77.4
26.3
84.6
36.3
54
83.9
16.5
31.8
30.3
2.7
48.6
7
56.9
29.7
50.3
60.8
53.7
32.8
12.1
69.4
31.4
61.2
35.1
21.7
3.4
87.6
30.4
4.4
78.9
17
17.1
97.1
54.7
81.9
61.9
31.6
41.6
63.2
85.9
18
0.2
49.2
54.7
2.9
96
85.5
81.2
28.7
56.9
5.8
81.7
60.5
20.3
91.6
78.2
90.5
75.7
14.9
76.5
11.5
7.1
61.7
75.9
35.7
98.4
14.3
64.8
42.7
3.2
93
78.2
67.3
39.9
1.5
89.1
84.5
81.4
84
85.7
39.1
80.5
64.9
28.5
7
36.4
37.8
65.5
37.3
67
18
34.5
1.3
22.7
57.5
8.7
63.7
8.5
89
31.8
50.4
8.5
83.6
42.3
59.8
12.7
58.8
19.7
59.7
47.5
71.6
90.1
78.5
46.9
8.4
99.8
24.1
91.1
54.8
97
81.2
54.9
60
42.8
24.4
33
41.1
54.6
75.4
6.6
14.2
65.2
43.5
63.9
12
52.5
37.8
3.2
32.2
55.4
98.1
58.2
68.3
46.5
33.2
0.1
77
99.6
51.1
32.3
25
21.4
64.7
8.3
23.5
3.7
16
58.9
46.2
55.2
42.1
59.1
56.1
54.7
42.1
5.5
12.4
62.5
13.3
94.7
21.9
22.5
47
14.5
98.1
86
28.8
5.7
39.6
56.6
58.2
37.6
27.8
43.5
22.8
71
49.1
60.5
88.7
4.2
80
31.5
97.3
54
93.2
84.3
66.9
29.1
62.5
74.6
91.1
38.5
62.9
81.1
61.4
23.5
28.1
19.1
83.7
50.9
7.4
33.3
47.3
44.6
15.8
17.1
30.1
55.2
66.5
73.9
9.9
33.1
0.1
6.4
44.2
0.9
69.5
48.3
0.3
90.9
43.9
47.3
22.5
60.8
48.9
85.6
74.3
52.5
52.9
28.2
9.2
91
3.6
32.8
27.7
27.7
46
28.3
7.4
71.1
40.5
38.3
31.6
62.2
14.5
75.4
78.8
31.1
33.7
81.9
25.6
53.2
81.4
87.8
44.2
79.4
92.7
54.3
49.7
74.9
93.9
28.4
62.8
56.2
9.7
99.2
86.8
90.9
18.2
35.8
68.1
74.1
71.1
19.5
83.2
98.9
51.2
43.1
66.8
20.4
0.4
14.9
10.7
38.3
3.7
59.2
69.8
86.9
11.8
69.6
59.5
24.4
16
60.6
18.1
45
96.2
40.5
66.1
21.4
36.5
76.9
42
40.8
0.6
70.1
72.1
56.7
65.3
86.3
36.1
89.7
72.6
10.2
24.4
28.8
36.5
50.3
75.3
21.1
89.6
54.8
53.3
94.6
64.8
14.3
88
77.5
22.4
5.4
92
43.3
1.6
91.9
51.5
69.8
76.4
6.9
67
78.7
62.5
14.7
91.5
35.1
12
25.7
43.5
36.6
9.5
52.5
52.8
87.5
44.3
97.1
11.9
85.5
52.2
12
8.4
71.9
52.1
83.5
15
63.6
88.1
23
65.2
4.2
87.9
87.6
37.6
98.7
22
33.1
23.5
20.4
69
29.1
76.1
87.3
18.4
82.3
94.3
43.7
6.4
47.6
47.4
57.2
71.1
24.8
54.5
14.8
68.5
75
23.8
96
20.6
15
68.1
8.8
6.4
10.6
61.4
3
19.8
2.2
92
8.2
52.4
59.9
84.5
59.2
63.5
12.8
54
38.4
41.5
52
49.3
75.9
11.2
26.4
24.8
67.6
90.2
74
31.2
14.2
74.4
92.1
60.9
93.2
68.7
61.4
70.4
14.8
82.2
38.9
3.4
52
36.5
13.9
85.6
44.5
95.1
42.2
56.1
19
80.8
89.5
68.8
45
35.5
46.4
3.2
6.5
17
16
58.1
98
21.5
50
90.9
19
46.7
43.2
51.1
63.7
86.2
31.9
3.4
57.3
31
35.1
27.3
64.8
60.3
94.5
17.3
77.4
90.6
33.6
81.2
50.7
34.4
86.3
73.7
36.2
91.5
92.7
79.6
41.2
61.1
17.7
44.4
85.4
1.4
46.6
97.7
16.1
82
49.3
7.1
74.7
80.8
1.3
65.6
55.1
80
73
24.1
4
19.1
45.1
69.6
32.4
41.7
80.6
82.8
75.9
91.1
98
55.7
90.1
12.4
49.6
31
43.6
75
56.1
59.2
44.8
93.7
84.6
22.5
45.7
96
7.4
57.3
80.3
25.4
60.1
1.9
57.3
10.1
25.7
25.2
73.2
71.7
35.6
99.9
96.8
51.8
28.5
70.5
4.6
21.7
25.7
22.7
12.8
75.6
90.4
38.8
5.9
72.5
64.3
50.4
63.9
45.7
12.9
44.1
88.4
18.1
86.9
99.8
93.9
35.7
17.8
40.1
55.4
35.5
13.8
57.3
61.3
29
29
15.9
97.7
9.1
5
61.2
87.4
100
85.3
70.8
15.2
12.7
10
7.7
90.9
33.8
94.3
45.1
64.2
99.7
87
28.7
15.5
10.3
50.9
14.2
98.4
41.2
79.9
33.1
30.2
5.8
8.4
68.7
72.5
68.2
49.4
34.4
76.2
26.6
71.2
20.8
72
12.9
76
34.3
9.9
6.6
62.3
87.6
22.2
69.3
73.4
23.2
45.3
83.4
49.1
1.9
58.1
24
47.6
75.5
85.9
7.7
9.1
53
61.8
19.8
22.7
92.7
40.1
99.3
35.4
8.8
82
68.1
88.8
32.7
2.5
69
75.1
99.4
67
15.8
37.9
80
51.4
63.2
46.7
42.4
43.3
92.6
86.4
94.8
78.8
72.4
44.6
54.2
81.6
4.7
14.6
86.6
84.5
20.6
36.3
86.1
10.6
77.6
61.1
51.6
18.3
84.2
24.7
70.3
2.8
32
21.3
19.1
76.8
76.7
19
22.2
99.6
29.6
68.4
24.7
11.3
42.3
92.6
12.6
84.7
14
93.8
75.2
83.2
58.6
42.6
35
37.2
7
47.4
32.6
28.6
34.6
20.8
67.5
23.8
84.3
66.9
99.8
32.9
79.2
81.9
42.8
9.4
90.8
14.4
37.8
0.2
32.6
94.6
99.1
76.7
66.2
31.5
94.5
84.8
39.4
40.8
38.7
40
2.7
34.8
56.5
2.8
7.4
60.2
35.6
31
89.5
20.2
27.6
98.7
68.3
92.3
76.3
31.1
82.7
24.3
30.3
37.6
9.6
2.7
85.9
53.6
99.7
24.7
19.8
6.3
78.5
58
18.9
88
7.8
89.8
50.6
78.6
78.5
34
81.2
85
37.9
59.7
24.1
82.4
76.7
71
33
13.5
62.1
54.2
60.6
36.9
82.2
93.7
29.7
64.2
80.1
72.4
42.2
39.5
26.2
31.9
21.1
56.3
39.3
27.5
11.6
15.3
89.6
43.9
11.4
76.4
16.9
82.2
27
29.4
49.4
25.9
0.9
35.1
82.6
32
56.5
3
94.5
47.5
18.5
70.9
69.8
29.8
99.3
91
21.6
94.4
98.9
80
64.2
42.5
75.5
70.3
40.8
9
87.9
85.9
17.5
94
20.2
14.3
43
82.7
99.2
34.1
48.2
65
39
92.8
79.1
45.7
41.2
65.8
58.4
24.2
68
95.9
62.4
88
60.3
24.1
23.4
54.5
71.2
23
90.2
12.6
33.8
70.3
74.2
50.4
80.5
2.6
49.6
7.7
24.8
32.2
36.4
62.7
75.3
30.9
27.2
73.3
48.1
77.5
55.4
15.6
48.2
27
35
26.3
21.4
43.7
31.3
62.9
50.6
66.8
38.9
25
73.1
100
48.5
85.7
23.9
81.5
73.2
77.8
82.4
87.9
75.3
14
71.6
63.9
19
39.6
90.4
64.6
51.3
35.9
79.1
62.7
14.6
56.4
98.9
70
75.8
92.5
28.1
24.3
22.8
87.9
84.3
51.8
29.4
83.2
89.7
59.8
29.8
40.9
8
35.4
89.7
56.5
4.1
59.7
46.3
88.1
50.6
98.9
2.9
73.1
92.7
95.8
34.8
20
71.3
47.8
49.1
47.2
87.8
62.6
13
53.3
53.6
62.5
25.5
58.9
79.4
44.7
0.9
55.5
15.3
76.5
31.6
6.9
88
31.1
59.7
56.1
42.2
82.2
47.8
40.9
67.5
40.7
41.1
69
40.9
28.3
63
56.7
83.2
40
92.8
60.3
98.8
28.9
72.9
0.7
17.9
88.2
73
20.8
2.6
65.4
26.5
61.3
38.3
12.4
75
38.3
10
75.9
43.5
32.1
44.2
87
68
73.1
71.7
99.5
26.4
29.8
83.9
90.3
34.2
19.4
91.9
0.6
50.8
29.4
69.1
33.5
98.2
76.7
45.9
16.7
97
64.4
32.8
59.8
20.2
30.5
30.1
25
98.2
65.1
86.9
15.5
85.1
42.6
28.5
2.3
28.9
0.8
29.1
68.6
67.6
51.3
59.2
17.6
72.8
61.1
66.6
52.6
40.3
73.7
98.9
81.5
15.7
40.2
18.6
50.8
5.1
8.7
79.2
34.2
70.1
60.6
98.7
5.4
74
52
84.2
67.7
80
83.3
74.1
98.1
12.1
94.5
58.3
72.8
42.1
21.4
13.6
8.7
75.3
10.1
76.6
63.8
82.7
15.3
35.8
7.8
81.6
66.6
95.7
14.7
14.5
18.6
29.2
57.5
51.5
62.8
65.9
79.8
63.1
16.6
43.6
77.2
75.9
74.5
78
72.4
65.8
84.6
52.6
63.5
37.8
18
95.3
4.4
18
18.3
93.8
51.6
36.8
92.2
18.9
14.5
13.8
88
44
17.5
99.9
54.3
55.2
59.5
88.4
42.3
78.5
95.5
48.4
57.8
61.6
29.3
24.8
50.8
72.3
23.2
27.6
70.1
55.5
80.9
68.8
80.4
41.7
94.2
93.2
7
19.1
34.4
23.9
73.6
1.6
52.4
60.2
46.5
41.8
33.8
63.2
81.1
65.9
17.8
84.9
51.6
83.4
62.8
50.3
52.8
0.7
15.9
3.3
80.1
82.2
23.7
79
58.5
51.2
99.7
8.4
50.3
51.5
65.6
97.8
5.7
53.1
27.9
85
69.7
69.6
66.9
21.9
79.5
32.2
53.8
75.8
27
72.2
5.5
93.5
95.2
89.1
14.5
88.7
25.5
61.7
23.2
43.2
88.6
33.7
23.1
82.4
25.2
95.3
28.9
38.5
94
19.3
0.9
16
25.6
13.8
29
42.1
9.4
50.2
80.9
23.4
96
64.9
43.2
9.6
62.3
51
90.1
66.2
1.6
34.9
6.6
6
9
93.1
94.9
73.5
75.8
91.4
5.1
99.7
20
37.1
3.3
53.1
26.1
27.3
50.7
58.9
75.7
8.8
28.8
19.1
57.9
99
75
50.5
40.3
46.4
58.6
7.2
14
43.2
30.7
9.1
60.6
3
13.6
98.6
86.9
4.5
58.2
8.6
75
12.8
11.8
62.1
47.3
70.8
91.9
74.1
55.2
89.5
95.2
35.5
6.3
73.7
6.4
42
94.9
28.2
57.8
17.9
62.6
90
65.9
44.4
9.7
29.9
75.8
17
30.4
61
35.4
66
22.1
45.6
25
43.6
82.7
36.3
26.1
16.3
80.6
66.7
45.5
87.9
45.2
89.1
49.6
36.7
40.4
41.9
70
16.9
57.9
56.1
58.6
54.5
2
56.1
46.5
22.9
95.9
65
90.4
23
3.8
50.7
9.2
57
90
93.5
56.7
41.6
10.3
7.7
97.5
73.1
19.2
53
30.1
7.5
47.3
49.1
75.9
34.4
27.8
76.6
45.7
78.4
85.4
87.2
65.5
69.1
60.4
98
67
4.5
64.9
13
6
26.9
90.8
19.9
0.4
2.7
28.5
26
36.6
30.3
91
51.3
3.1
54.3
57.9
81.1
24.5
12.9
41.2
94.7
70.2
82.6
56.8
14.5
41
74.2
41.2
80.1
62.1
32.2
52.5
86.9
1.7
66.9
1
24.3
3.6
49.4
74.9
74.4
70.2
80.2
10
77.3
83.8
27.7
24.3
38.5
39.7
29.9
54
31.2
35.5
30.3
45.8
52.3
2.4
91.6
97
78.3
55.8
31.5
93
89
27.7
18.8
16.7
16.3
19.1
58.3
15.4
75.4
73.4
32.5
66.6
56
47.4
97.9
70.4
61.6
36.7
28.8
63.1
15
97.4
58.3
30.7
7.8
1.1
87.1
49.9
44.8
64.8
48
85
36.3
13.5
96.8
35.4
13.6
90.1
80
41
67.3
50.2
85.7
38.6
89.7
98.7
62.6
99.5
36.5
29.1
11
29.3
29.2
2.5
30.6
92.3
27.5
9.8
61.3
86.6
85.9
89
54.7
59.4
84.7
56.8
43.5
34.8
18.5
12.6
38.3
75.7
58.1
65.3
19.5
74.5
12
79.3
93
17.2
65.8
5.7
90.2
30.9
88.2
3.5
7.9
67.6
4
46.1
80.6
10.9
39.3
35
97.8
73.3
83
53.4
43.5
63.6
57.5
96.3
7.7
62
48.6
89.3
79.8
80.1
64.6
14.1
33.9
54.6
44.6
93
15.2
10.3
60.8
59.5
1.6
65.1
23.2
49.2
93.2
14
96.9
69.1
20.6
32.1
49.7
21
63.3
81.1
64.8
26.6
36.1
5.5
9.3
83.7
24.1
9
66.6
87.7
57.3
22.2
14.5
46
77.2
20.5
47.1
66.7
96.3
73.1
86.4
56.7
12.6
28
81.9
40.8
93.5
51
42.3
22
34.8
17.7
6.2
56.4
45.3
30.1
26.5
31.7
68.3
71.6
68.5
37.8
55.1
9.5
2.8
11.2
72.2
85.2
1.4
27.4
27.2
58.6
65
97.4
10.7
48.9
48.8
59.9
83.7
17.3
41.7
40.5
2.2
60.5
78.5
91.4
7.1
15.8
79.5
61.3
94.1
49.4
51.7
69.3
69.9
78.2
13.4
33.4
61.7
15.9
9.4
4
26.5
91.2
22.9
75.3
2
90.2
29.5
19.1
85.6
20.6
67.7
28.3
67.7
91.1
79.1
97
90.4
45.2
63.4
75.8
18.3
11.2
29.2
86
94.3
45.8
12.8
79.1
19.4
10.7
87.8
42.1
76.5
66.2
16.9
39.2
5.7
52.8
64
40.8
13.5
29.6
86.9
66.3
22.6
32
67.4
75.8
68
26
73.4
46.2
69.7
66.7
14.6
36.1
71.5
32.4
60
82.5
30.9
62.7
84.6
70.5
86.7
4.4
19.9
59.6
6.6
1.4
46.7
61
86
38.8
4.9
96.2
70.1
92.8
3.4
82.8
55.9
99.3
90.3
65.4
35.5
12.7
59.7
89.8
88.1
60.4
60.8
53.4
63.4
28.5
48.6
24.4
10
82.5
51
51.5
1.4
41.7
80.1
22.2
18.1
98.5
96.7
65.1
48.6
23.8
31.7
10.2
74
24.1
41.4
47.9
68.4
63.5
40.7
61.7
64.8
77.7
36.7
69.3
3.3
75.4
90.3
52.6
3.2
79.7
22.3
51.8
22.2
73.7
67.3
26.6
98.7
31.2
30.5
11.3
85.2
39.5
21.3
86.7
16
69.2
69.8
75.9
33.4
97.6
64.8
65.3
35.1
11.5
2.2
29.3
18.5
64.9
20.8
10.4
96.7
24.2
8
19
89.9
54.1
96.4
59.9
90.1
92
43.9
18.2
19.3
48.7
79.3
17
95.6
29.1
65.1
83.9
30.3
57.3
47
81.4
67.1
14.7
64.4
31.2
89.1
45.8
59.4
59.2
94.4
99.8
59.5
32.9
83.5
10.9
32.8
14.1
58.9
85
13.5
44.1
71.5
16.9
37
96.5
30.2
23.8
33
74.4
94.3
2.7
33.9
43.5
18.4
19.3
0.1
40.5
60.8
61.5
79.5
20.7
97.3
39.3
36.8
18.5
94.2
82.7
50.3
41.3
37.7
16.6
62.7
92.1
81.9
80.9
10.3
26.7
34.2
75.6
95
17.7
26.4
80.9
72.6
22.2
81
6.1
25.4
44.4
60.5
65.3
86.1
53.4
33.2
31.6
76.5
45.2
55.8
2
0.1
76.5
17
95.5
7.4
33.6
72.1
41.6
92.8
15.6
49.4
63
42.3
36.1
85.7
3.2
18.4
17.4
36.4
88.5
56.2
5.3
81.3
75.1
38.4
68.3
80.6
14.2
1.2
34.8
6.5
12.3
41.2
91.9
30.4
86.5
79.7
14.9
52.4
10.2
9.4
31.2
60.4
36.3
12.6
43.4
43.3
75.2
34.3
65.9
23.9
29.2
17.3
100
51.1
25.9
3.4
13.6
37.9
57.7
79.6
46.4
50.5
50.9
87.4
88.9
38.7
26.6
81.1
50.4
91.8
45.8
15.9
78.3
33
78.8
5.8
28.3
59.3
12.8
84.6
64.6
49.2
92.8
33.5
80.5
9.8
93.7
26.1
20.4
53.8
50.6
50.2
68
26.8
89.3
6.7
29.3
22.7
31.5
6
52.9
1.3
87.7
99.7
14.5
52.6
45.6
91.5
70.8
52.1
96.1
17.8
16.5
98.5
23.3
68.9
97.2
32.7
41.8
5.7
79.8
81.3
45.1
13.7
78.8
86.6
46.5
98.1
57.8
20.7
73.5
64.8
80.1
50.6
99.8
48.8
11.1
32
48
85.7
26.1
82.5
76.2
83.7
31.3
78.2
13.7
33.8
38.1
60.6
97.4
26
66.4
16.2
11.6
70.9
56.4
16.5
98.5
69
2.3
37.6
96.4
37.6
87.8
44.5
26.2
89.5
68.7
4.2
99.6
66.9
71
92.8
38
93.4
55.4
22.1
89.3
54.7
73.6
39.1
82
25.6
84.1
81.8
76.5
85.1
23.2
45.2
15.8
27.3
27.8
28.6
0.2
97.1
23.3
76.5
35.7
72.2
1.8
82.7
62.7
59.8
73.5
60.8
83.8
82.1
18.5
83.6
48
73.8
35
9.7
27.7
20.4
50.5
74.9
45.2
88.9
23.2
6.2
32.8
65.9
28.6
52.9
33.8
62.5
9
29.2
77
78.5
77.7
47.4
32.6
58.9
76.8
83.1
80.1
46.7
10
97.3
66.3
80.1
82.1
42.2
60.8
57.7
12.8
89.1
72.4
84.9
98.8
98.8
47.8
55.1
59.1
12.9
2
38.7
12.2
66.4
46.9
98.1
77
82.4
76.4
20.8
68.9
38.2
57.3
7.9
72.4
63.8
0.5
78.4
66.2
25.2
64.6
92.6
31.8
98.7
14.7
91.5
6.8
57.4
76.9
73.3
33.7
14.9
11.9
53.6
21.5
17.8
76
51.7
10.3
45.3
40.6
2.6
36.2
62.9
63.3
71.3
38.6
64.8
32
66.1
60.2
52.4
47.1
57.9
97.9
44.6
84.9
73.4
9.6
28.4
46.4
99.7
96.4
85.4
42.8
51.2
70.7
25
65.6
60.9
47.8
44.1
27.5
23.2
56.3
89.9
10.1
73.8
70.9
78.6
68
10.6
11.9
83
73
94.4
61.5
48.4
44.8
81
7.3
70.1
77.2
75.2
4.8
54.8
83.4
22
91.6
11.2
51.2
32.2
20.1
6.7
34.8
71.6
82.1
80.2
97
52.9
91.6
80.6
71.8
71.9
60.7
88.2
1.5
97.4
79.4
74.9
34.9
41.5
74.9
53
0.5
18.1
23
73.5
94.6
18.7
84.4
95.6
62.2
49.5
40.7
42
69.7
29.3
11
60
40.8
7.8
6.5
73
9
49
44.1
51.1
32.7
16.4
45.2
92.9
98.7
67.8
9.3
36.4
41.8
24.5
21.2
42.3
93.1
40.5
24.2
48.5
15.4
28
29.6
25.3
88.1
47.5
62.4
67.8
22.2
61.8
81.1
8.7
17.1
41.3
44.4
36.6
0.2
32.2
35.8
44.8
4.7
95.8
75.4
84.1
13.9
75
83.5
89.1
67.8
56.3
77.4
82.8
68.5
67.7
43.5
35.5
94.8
93.5
0.1
54
86.1
76.4
10.6
60.5
66.6
33.5
19.4
28.7
31.9
56.9
34.2
92.9
1.2
77.5
13
79.3
93.8
5
46.8
85.3
17.1
97.2
85.5
0.1
19.8
15.9
69
2.5
81.1
4
9.9
27.4
18.1
83.6
3.8
28.4
30.2
33.7
41
93
73.5
56.8
6.9
3.7
61.6
57.8
30.3
87
98.8
27.3
61.3
82.7
88.1
94.4
35.1
83.6
55.1
81.3
29.2
75.8
56.6
8.6
98.8
85.5
44.5
53.8
99.1
85.9
76
89
33.2
83.9
4.2
6.4
34
17.2
38.7
74.2
56.8
14.2
64.4
16.1
84
76.6
76.9
64.7
57.3
5.2
0.5
27.2
7.3
32.1
86.8
53
95.8
91.6
55.7
11.9
71.7
80.4
35.1
93
11.2
90.9
97.5
80.7
48.1
70.2
11
57.1
43.7
73.1
59.1
70
54.7
66.2
12.2
25
4.9
25.9
0.2
47.9
39.3
98.7
16.6
75.4
74.4
13.8
29.4
60.2
3.2
9.3
57.2
55.3
42.2
69.4
14.2
39.9
19
49.9
36.1
29.7
63.7
17.9
100
72.2
96.8
47.4
48.5
54.4
52.3
64.7
85.4
38.6
51.7
22.8
16.4
60.9
29.8
85.5
37.6
32.4
35.2
43.9
47.9
78.4
7.8
79.2
56
21.5
99.4
93.8
97.1
61.7
34.6
61.4
60.5
83.3
93.3
66.8
42.5
78.6
95.6
29.7
51.3
79.3
23.5
2
82.1
86.8
78.8
75.5
62.6
93.1
15.7
29
91.9
57.4
41.6
99.6
88.5
71.2
48.5
36.4
56.5
85
72.3
28.6
8.6
95.5
10.8
44.2
76.7
39.1
52.2
40.9
87.4
81.3
70.8
37.9
65.7
93.3
83
18.4
81.3
15.3
52.8
59.7
46.1
34
68.5
14.6
94.8
12.1
39
39.3
79
54.9
60.8
33
53.2
8.7
75.6
73.3
12.6
70.3
7.8
76.7
40.1
33.3
16
75.2
68.1
43.5
2.4
30
57.7
95.8
91.1
5
100
88.9
88.3
27.3
22.2
75.4
96.7
60.9
1.5
65.7
5.7
23.3
13.5
23.8
43.7
21.3
14.3
29.8
23.2
81
80.7
32.1
95.2
9.3
92.5
93.5
65
15.2
19.7
69.7
51.5
7.1
92.1
95.7
69.1
45.9
28.2
46.8
7.1
10
70.4
4.6
87.8
83.6
3
26.3
7.9
82.5
48.2
84.1
50.5
33.1
37.2
75.4
97
39.2
74.8
38.3
97.2
90.8
12.9
19.4
45.3
58.9
39.9
97.6
77.4
43.8
64.9
42.9
69.4
68.9
80.8
5.2
2.4
63.5
22.6
56.2
67.4
25.1
29.4
99.5
93.5
24.3
55.1
22.3
70.4
30.6
46.3
96.6
70.2
85.6
70.2
65.7
89.9
26.8
63.5
30.7
24.2
29.9
25
58.4
58.8
70.6
7.1
17.2
96.5
71
37
31.1
35
36.9
6
35.2
47.6
80.8
20.9
9.6
0.8
6.6
70.9
48.9
53.7
63.6
65.2
53.4
86.3
27.5
8.5
23.7
42.5
25
11.8
72.2
40.9
44.5
95.8
6.1
62.2
2.8
28.7
30.3
76.3
10
51.5
12.9
6.2
94.6
61.7
28.6
3.6
57
84.7
99.4
85.1
77.5
12.2
89
18.4
98
22.8
98.2
9.7
38.6
22.9
64.5
11
70.7
79.7
60.7
82.8
91
20.9
80.1
93.7
10
88.4
77.3
84.7
39.5
38.4
1.6
53.9
75.2
56.5
91.2
0.5
38.7
12.9
2.9
53.3
55.7
10.4
45.4
2
15.7
89.4
76.8
47.3
56.3
9.9
32.3
70.1
79.7
70.3
68.6
19.3
22.5
71.8
89.2
66.2
54.5
36.5
59
86.9
5.3
80.6
37.1
4
0.6
63.2
10.1
72
61.5
47.5
19
63.3
59.3
67.4
51.5
88.3
28.7
70.5
18.4
50.7
1.5
4.9
38
75.3
13.8
5.8
79.1
9
14.1
21.7
32.1
20.9
34.5
0.3
42.8
51.4
98.4
69.6
3.6
54.4
80.2
42.6
49.4
12.8
38.3
16
85.5
32.4
65.3
94.3
32.6
26
70.8
40
8.5
37
70.4
20
16.4
39.7
4.7
7.6
59.9
4.1
54
91.5
6.6
13.3
56.3
56
60.9
24.5
19.8
53.6
52.4
37.7
33.5
19.3
83.5
84.5
17.5
46.8
58.2
42.6
44.6
31.6
61.7
16.5
75.6
53.5
94.2
6.2
24.7
64.5
89.9
98
5.4
79
19.7
35.2
33.4
33.7
37.3
82.3
45.8
63.5
13.8
46.7
37.7
94.8
58.3
9.2
40.3
65.6
71.1
68.3
14.7
22.8
26.2
32
93.1
40.8
44.2
78.1
7.7
10.8
69.8
47.4
50.2
67
43
7.4
54.4
54.7
65.5
87.8
67.2
88.3
65.5
70.4
25.2
1
23.6
77.9
55.3
67.6
86.5
16.1
31.7
51.3
69.4
85.3
84
95.4
91.4
23.4
99.2
75.5
32.6
26.7
0.5
8.1
76.3
65.3
49
65.3
39.9
14.6
66.2
16.1
2
60.7
13
90.7
24.1
98.5
65.1
72
19.7
97.1
11.4
65.1
82.5
91.5
52.2
10.2
30.1
78.1
10.5
74.3
11.8
24
95.5
87.9
43.1
19.2
66
68.8
32.5
12.3
29.3
67.7
17.5
14.5
52.9
50.2
35.8
85.3
91.9
0.3
48.2
13.7
5
52.9
41.3
41.7
36
80.3
24.4
23
34.4
71.5
49
56.7
94.4
40.9
28.7
47.5
35.8
39.5
93
44.2
86.1
35.8
92.3
73.2
32.2
83.5
42.8
36.1
85.5
76.6
19.2
97.1
75.9
97.9
76.4
17.7
40.3
73
77.3
91
52.5
10.9
17.1
79.3
83.6
3.9
65.3
73.4
77.5
39.1
55.7
56.5
46.9
69.2
6.1
30.5
26.8
35.6
6.6
8.4
68.9
50.4
72.7
16.1
99.2
17
72.5
7.4
73.9
41.8
61.8
52.3
58.4
84.5
20
75.8
23
92.8
77.6
18.5
22.5
69.9
32.6
2.1
42.3
42.5
47.9
17.6
48.1
15
20
66.2
62.2
27.4
18.4
68.3
85.2
44.6
45.7
28.4
88.8
58.8
43.5
83
57.6
71.6
62.6
67.1
46.4
49.2
6.5
26
37
21.6
20.6
70.7
76.1
32.3
60
94.6
19.1
94.8
53.4
87.1
12.5
38.8
5
42.5
56.4
55.8
66.3
11.9
94.6
28.8
57.5
96.8
67.9
61.8
34.3
57
60.8
17.3
39
83.9
53.1
78.2
40.4
81.3
79.6
17.8
47.2
89.3
75.2
88.4
38.9
1.5
87.2
64.5
4.6
25.9
0.8
13.1
12.7
95.5
44
82.1
55
59.1
65.1
92.6
56.1
9.7
23.9
43.2
78.5
25
7.6
34
97.6
90.1
57.6
80.7
53.6
74.7
63.4
73.4
9.2
53.4
10.9
17.3
28.3
73.8
88
73.2
40.9
53.6
63.6
28.4
3.2
3.7
90.9
58.5
49.6
41.8
66.8
52.8
44.2
57.4
79.6
1
52.3
59.3
11.6
81.7
99.9
45
66.1
45.1
5.2
39.6
98.1
35.7
3.3
39.6
76.3
49.8
15
13.4
83.6
26
69.3
62.4
22
25
21
60.7
48.1
97.1
1.6
80.1
83.7
55.3
72.4
88.3
93.8
30.5
69.3
16.4
54.7
9.1
45.2
70.5
67.2
83.7
56.8
75.4
36.2
81.3
53.3
38.9
31.2
12.6
6.2
35.4
47.4
45
31.3
3.1
69.2
29.7
55.5
90.8
46.1
13.7
49.9
82.6
6.4
92.7
37.9
3.1
12.2
88.5
78.8
62.9
87
4.4
78.5
1.3
50.2
39.6
5.5
54.1
30.6
5
13.1
44.2
90.9
58.4
18.8
65.8
35.8
83.5
10.7
85.6
5.3
56.9
38.5
54.1
25.5
82.6
51.2
87.7
80.4
47.4
40.4
16.9
46.2
43.5
27.5
81.9
58.9
60.7
21.8
89.5
9.7
68.6
81.8
62.3
42.3
76.5
6.8
28.7
50.3
40.1
4.1
51.5
58.1
53
69.3
28.6
77.5
70.7
47.6
74.1
89.5
36.9
88.5
69.1
37.8
72.2
79
57.4
22.3
75.1
91.2
35.3
16.4
25.3
20.5
24.3
72.6
44.1
96
32
42.3
60.2
26
51.1
66.9
41.2
4.7
84.4
8.8
76.1
81.5
11.1
58.8
25.9
66.2
86
51.2
64
54.7
58.8
28.6
23.6
49.7
65.3
49.2
68.5
83.5
70.1
95.4
23.5
18.4
45.2
38.2
7.1
29.2
91.5
29.2
94.2
15.1
13.5
69.8
74.1
30.6
99.5
65.8
93.5
94.3
94.1
72.9
48.5
92
69.5
8
41.3
48.4
59.3
33.7
1.5
41.3
30.9
6.1
18
37.2
51.5
61.1
99.9
36.1
24.6
54.7
2.4
95
91.1
84.4
11.9
58
54.5
77.1
13.4
78.5
2.9
70.1
27.4
21.6
40.6
49.5
73.9
8.8
34.3
38.7
76.2
57
59.5
11.7
94.7
46.9
40.5
15.1
76.3
85.2
1
65.1
20.3
77.1
45.2
19.9
46.2
27
89.7
94.1
23.1
25.1
58.7
76.3
35.1
43.2
91.3
7.3
84.6
14.4
13.3
13.7
16.7
86.6
30.3
62
8.1
42.6
8.3
47.4
60.2
84.5
39
93.8
19.9
41.5
71.1
77.9
5.8
63.1
40.3
30.5
47.6
48.5
37.7
29.3
77.9
73
16
94.2
0.5
25.7
79.7
28.5
10.1
55.7
39.3
11.2
6.9
81.2
64.3
32.4
47.7
34.6
55.4
9.6
83.5
6.5
16.6
26.4
98.8
38.3
63.1
11.9
5.8
94.4
99
40.1
18.3
19.7
53.9
35.2
89.6
11.7
99.8
2.9
62.1
29.2
27.4
56.2
50.4
97
71
18.1
90.8
6.1
88.6
93.5
11.2
91.3
13
83.7
58.8
40.6
82.9
75.9
50.7
9.1
15.3
70.4
44.2
38.6
42.6
43.8
7.2
95.5
23.2
7.4
34.3
95
56.8
98.5
92.1
2
27.6
26
13.4
85.3
98.6
14.9
43.8
69.5
5.1
95.6
98.5
4.5
76.6
48.9
6.3
0.6
12.4
1.8
99.7
24
87.7
68.7
26.1
54.8
59.5
32.4
90.6
80.4
88.4
35.9
73
69.8
93.4
5
72.4
74.7
36.6
1.9
9.1
76.4
90.6
4.3
33.2
49.9
35.2
38.8
83.7
77.7
52.6
19.9
23.9
39.9
39.6
94
6.2
98.3
47.8
49
97.4
82
74.3
93.8
97.6
51.7
33.8
47.2
50.1
99.7
5.8
48.1
53
94.3
3.7
25.9
3.7
50.4
25.3
96.1
81.4
34.1
81.5
30.2
88.9
66.3
0.7
69.3
2
42.8
41.2
71.8
46.8
89.6
41.5
40.3
11.7
76.4
74.6
48.3
31.4
25.3
0.7
5.5
31.3
44
62.2
80.4
6.6
11.7
34.7
52.8
92.2
64.1
27.9
65.6
69.1
29.7
87.8
2.6
78.2
29.2
75.4
42.2
33.2
8.8
39
25
78.5
57.5
70.8
78.2
49.8
32.3
67.5
14.9
94.5
70.4
43.6
54.2
11
16.1
42.8
29.7
96
70.2
80.6
9.4
64.4
72.4
93
13.8
40.5
59.7
39.3
52.3
6.9
91.4
6.6
16.7
94.7
86.3
91.4
80
48.6
1.4
67.1
52.2
80.1
26.2
55
91.2
18.3
8.4
80.6
36.4
13.6
85.8
58.1
87.8
77.3
29.6
29.7
88.6
35.3
91.3
35.3
14.1
67.2
5.6
59.7
88.9
28.4
85
11.5
70.4
66.2
99
35.6
82.4
43.4
49
17.4
1.9
79
3.1
47.5
40.8
53.2
22.4
69
8
12.5
29.4
79.6
17.5
72.9
58.4
25.8
66.8
92.5
12.1
35
81
58
84.3
89.5
16.7
96.9
14.7
30.4
28.5
26.7
23.6
4.3
77.5
69
60.9
64.2
76.7
93.7
98.9
21.4
74.2
77.3
69.3
46
9.9
4.5
3.3
2.9
99.9
9.9
64.6
37.2
90.4
56.2
91.9
43.7
59.7
60.7
54.2
54.1
2.5
13.3
19.7
2.9
29.2
74
28.2
73
59.1
71.4
65.9
67.4
63.8
81.2
62.9
30.3
57
45.4
22.8
18.4
100
79.4
9.4
69.7
3.6
29.4
70.4
75.9
90.6
10.5
39
76.9
5.4
50.3
14.8
83.6
18.6
74.7
74.7
61.3
68.8
16.4
51.3
34.8
28.1
13.1
93.5
55.9
62.2
51.6
21.7
7.6
26.9
9.9
62.5
80.4
95.8
55.3
66.9
70.8
97.3
17.5
60.3
21.4
96.3
25.8
64.2
46.4
57.7
31.2
39.4
14.6
22
77
91.1
11.7
68.7
10.6
37
37.1
94.1
43
28.9
42.6
67.9
35.8
32.8
38.9
0.5
21.9
29.5
96.4
18.4
85.6
78.9
1.1
46.3
68.6
0.6
28.1
55.2
59.4
24.2
9.7
46.6
57.8
99
23
60.8
90.4
85.4
63.5
3.3
80.5
88.3
48
83.7
1
21.7
36.4
40.3
57.9
14.1
3.9
65.7
21.3
48.5
4.7
38.7
94.6
41.6
48.7
47.2
47.4
76.8
52.2
59.3
11.6
96.5
99.8
6.8
48.6
0.4
46.2
5.6
12.1
14.3
62.4
55.3
68
70.3
85.7
95.8
33
7.9
4.6
78.5
33.4
61.9
12.4
45.5
37.5
36
88.2
66.5
39.2
15
62.1
58.6
1.7
36.4
56.4
29
29.9
36.3
64.6
52.2
3.3
59.7
30.5
44.1
8.7
42.3
67.6
13.5
57.5
52.5
92.7
16
79.4
58.1
79.3
73.9
18
10.3
56.2
96.3
27.5
18.7
57.9
85.3
55.3
72.3
90.6
0.3
58.4
40.3
96.2
6.5
83.7
1.4
80.3
31.9
67.2
94.7
38.1
75
29.1
67.2
45.9
41.4
72.9
69.3
82.2
43
74.6
45.2
99.1
93.4
38
67.9
79.4
38.6
93.9
19.5
59.9
43.9
60.4
52.4
63.4
66.8
23.8
77.8
99.7
73.7
43.5
46.6
21.3
73.8
63
32.7
25
61
30
43.4
89.1
7.4
32.8
29.6
46.6
64.9
68.2
28.3
11.5
52.8
49.6
94
81.9
56.6
64.8
82.3
10.2
97
81.2
4.7
60.1
75.1
86.3
40.4
39.4
38.9
61.5
30.6
50.9
85.3
92.3
98
20
10.1
59.1
60.1
11.3
38.1
71.8
65.4
14.3
81.7
71.9
19.6
27
8.8
2.7
78.7
79
42.8
31
75.9
15.8
69.1
77.2
34.6
82.9
87.7
67.8
73.8
27.4
98.3
3.7
20.4
86.1
29.6
37.4
80.9
12.6
97.8
27.9
7.2
62
29.9
97.7
74.9
32.8
21.3
31
13.7
26.7
92.2
12.5
69.7
81.2
8.4
69.9
57.1
17.5
49.9
66.1
83
65.1
4
10.7
60.1
97.1
56.3
85.5
51.2
83.1
95.2
18.2
28.2
4.3
21.5
81.4
69.4
36.1
88.4
62.5
98.3
15.5
38
28.8
19
0.3
96.1
74
51.9
76.6
13.5
4.1
79.8
11
87.2
62.1
90
7.2
69.3
68.7
54
85.4
8.7
49.9
95.5
12.5
15.7
41.3
67.2
64.1
78.2
81.9
36.7
45.5
92.1
47.2
10.8
54
62.7
71
55.9
15.6
32.1
70.9
70.7
95.7
52.7
62.5
75.5
46.1
83.2
9.6
3.9
41.7
90.2
62.9
15.5
2.5
6.9
59.8
86.5
27.2
9.1
6.9
2.5
68.8
71.4
29.3
40.5
82.9
81.8
29
52.2
11.2
17.7
42.2
16.4
79.1
55.6
12.2
21.7
34.7
70.6
1.8
100
57.8
42.2
69.2
17.9
11.8
78.2
83.4
30.7
88.6
73.1
3.8
85.2
28.4
35.2
47
4.1
34.3
30.9
57.6
86.4
61.7
47.8
35.1
55.3
34.8
24.8
43.8
2.7
15.2
46.8
49.2
65.6
45.6
40.8
60.1
71.4
46.2
71.3
76.1
80.6
2
12.5
18.3
97.6
42.9
0.9
36.3
5.5
61.8
84.6
29.5
27.4
33.7
58.5
60.6
87.5
66
62.7
92.6
39.5
5.4
62.2
73.5
8.6
7.5
58.6
29.2
91.2
63.2
93.4
65.8
94.4
27.2
89.9
98.3
38.1
98.5
74.9
4.5
56.7
32.7
44.3
35.9
83.1
22.3
97.8
40.3
60
89.4
98.9
65.7
91.9
37.1
48.8
83.5
91.4
45.1
49.2
72.5
55
88.4
86.9
44.6
92.3
30.8
48.3
40.7
28.3
80.2
22.2
15.6
47.3
20.4
8.5
24.1
31.1
83.5
2.5
83.1
58.7
74.8
82.9
56.8
13
71.3
34.5
5.5
7.7
27.2
32.8
65
40.3
15.4
52.6
68.4
71.9
39
74.2
51.9
5.9
94.2
73
4.7
21.4
5.1
26
43.7
95.4
2.1
44.5
69
69.7
28.5
68.5
1
24.9
59.9
75.4
6.7
5.3
52.2
33.2
77.4
10.3
89.8
10.4
10.9
8.2
38.4
81.2
56.6
78.1
38.3
16.3
17.5
7.7
3.4
42.4
23.4
8.9
54.1
31.2
65.1
87.6
17
29.1
43.2
43
76.5
93.2
88
63.6
24.9
71.3
43.1
28.2
48.4
85.3
56.1
38.2
21.6
33.2
12.4
14.3
38.8
6.3
94
35.8
38.7
53.7
64.1
57.9
67.5
35.2
25.9
7.5
36.1
88.8
30.5
75.2
16.2
21.3
21.4
16.2
63.7
95.1
14.1
96.5
3.2
90.7
59.1
45.9
41.6
91.2
56.3
61.1
36.5
79
84.5
43.4
17.3
83
99.3
14.5
84.7
87.8
0.2
86.2
18.7
22
59
22.4
96
5.3
42.8
27.8
39.8
49.4
75.4
10.3
57.4
29.1
8.8
30.3
34.3
89.4
96.8
27.2
70.6
13
80.2
45.5
59.1
73.6
88.3
96.9
23.3
9
23.8
58.2
4
76.6
3.9
1.3
77.4
49.4
75.5
94.4
14.9
52.6
83.5
34.5
66.2
61.3
88.3
38
95.6
89.5
99
14.3
78.7
45
66.8
19.2
37.1
95.9
15.9
39.8
45.8
30.8
97
12.2
91.3
51.2
42.7
51.9
43.6
99.8
6.7
89.6
80
73.4
28.3
72.9
76.1
36.8
68.1
76.9
51.3
49.9
76.3
16.7
89.6
46.9
86.7
41.8
84
17.1
46
46.9
36
66.7
37.2
45.1
62.8
64
55.4
76.6
76.2
84.6
94.6
71.9
9.6
7.9
24.7
29.7
31.7
94.2
82.5
79.1
63.7
79.3
75.1
52
84.1
56.4
53.4
45.5
15.8
31.6
45
38.4
99.6
49.7
49.3
31.1
61
14.3
47.8
24.3
1.7
43.8
31.5
77.2
61.4
95.3
37
94.5
22.7
76.5
60.4
14.9
78.4
60.3
90.7
23.4
57.4
69.5
67.8
70.2
62.1
30.5
5.1
80.6
10.3
94
78.8
76
34.8
67.7
4.5
59.7
37.5
83
50
72.7
52.8
2
38.6
79.9
60.4
23
40.9
1.9
1
25.5
43.9
57.4
56.8
47.8
48.2
87.2
28.5
1.9
20.4
79.1
93.5
2.9
12.1
70.2
16.1
47.4
89.5
17.3
30.1
43
23.8
56.9
38.4
21.6
21.5
38.1
54.2
0.9
4.1
19.3
66.7
81.4
88.2
96.3
97.3
57.6
23.5
45.1
34.2
91.4
18.4
86
89.4
14.7
99.8
27.9
73.6
42.9
38.9
47.3
17.2
22.9
44
5.7
48.5
90.8
64.2
67.5
81.9
42.9
47.6
24
24.4
31.2
49.3
75.3
92.6
61.4
40.1
1
81.7
34.2
44.4
92.4
36.3
33.6
32.9
48.5
5.9
24.8
44.6
69.9
34.6
87.7
12.3
3.1
3.9
50.6
40.3
5.5
42.6
47.6
79.3
80.7
75.5
5.3
31.9
22.5
47.6
26.5
85.1
65.8
2.8
46.3
53.9
35.9
47.7
68.2
89.8
8.7
24.9
83.3
1.1
74.7
63.2
60.4
47.8
64.4
54.9
38.4
79.3
36.3
33.8
41.2
24.9
55.1
35.3
84.5
20.1
35.4
95.7
8.7
32.9
5.3
20
40.5
50.7
70.1
28.6
46.6
66.6
93.4
95.4
59.3
5.2
13.5
5.5
6.6
57
59
88.9
42.3
36.5
36.6
44.5
46.2
50.7
74.2
48.7
69.5
23.4
27.6
8.3
76
98.8
93
31.8
3.1
41.2
41.5
82.1
55.2
23.3
41.7
18.9
67.2
79.2
38.5
85.4
96.9
40.6
34.4
22.6
0.6
46.2
22.5
15.4
13
33.6
89.4
73.9
11.6
77.1
82.4
8.4
31.8
15.6
80.1
26.8
71
87.9
89.2
56.2
38.8
60.6
47.2
57.2
48.5
24.8
87.3
94.8
44
33.1
99.1
9.6
95.1
45.3
56.3
78.5
11.2
21.5
36.7
99.1
66
72.4
75.7
41
44.7
49.6
25.9
23.5
54.6
48.4
75.7
43.7
7.8
89.7
11.5
1.4
88.2
69.1
97.3
1.1
42.2
63.3
62.9
86.7
64.8
19.3
70
41
91.9
96.1
83.1
72.1
31.1
49.2
22.7
65.2
65.3
38.5
67.1
23.6
14.7
89.8
72.1
89.4
61.3
93.2
13.9
79.6
28.5
18.6
45.5
93
28.4
0.7
89.7
97.1
92.2
10
81.2
78.1
72.1
33.4
96.8
24.3
55.7
3.5
38.7
69
32.6
7.1
2.1
42.2
32
5
49.6
75.7
57
63.6
41.5
2.8
78.3
5.2
24.6
73.7
44.2
25.4
5.1
20.8
63.7
84.3
84.4
63.4
50
96.5
30.6
69.9
15.7
57.1
1.2
31.6
51.4
44.1
99.8
93.6
45.1
58.7
18.6
13.8
87.7
34.8
59.2
65.5
73.6
63.4
50.7
75.2
50.4
34.9
35.6
67.5
32.1
88.8
13.1
38.5
66.5
66.2
91.5
6.7
7.2
33.7
57.4
30.5
8.3
55.9
20.8
13.2
81.8
2.2
12.8
82.9
35
57.8
16.5
68.5
77.5
83.6
55.7
97.4
89.3
90.9
61.9
37
84.6
18.7
40.2
20.3
20.7
33.9
64.5
92.2
7
6.4
47.3
88.4
1.6
59.4
96.6
58.5
27.8
28.3
51.3
30.3
69.3
94.2
63.8
26.3
96.6
51.3
10.8
85.4
92.3
95.7
72.9
28.6
74.7
1.9
38.3
16.6
0.8
84.9
95.9
44
81.5
57.4
80.6
49
18.4
65.8
42.9
77.5
35.1
92.9
99.8
55
19.3
23.3
59.5
29.1
41.1
61.8
10.4
82.1
25.6
15.8
88.4
8.8
60.1
38.5
42.9
87.5
53
92.3
56.2
9.3
31.5
41.1
6
54.8
58
73.4
83.9
47.8
36.4
24
70.1
47.5
2.8
65.1
93.3
34.6
95.1
35.8
88.2
75.6
67.7
35.1
6.2
19.8
18.4
7.6
35.3
7.5
12.7
46.3
0.5
72.1
24.1
91.2
95.6
39.4
78
21.5
44.3
60.6
84.7
98.6
36.8
96.7
72.4
49.9
32.3
30.1
39.4
66.2
24.1
98.7
62.6
71.3
31.9
71.4
77.6
67.7
13.3
2.8
3.7
70.9
61.6
22.8
53.9
66.9
83.6
11.6
78.4
13.2
33.8
36.7
59.8
2.8
43.9
12.8
93
2.6
51.7
32.3
5.2
55.3
37.4
59.4
59
36.4
25.3
49
69.7
2.8
44
68
31.6
38.2
3.5
88.6
65.5
83.3
27.8
48.2
40.7
92.6
62.7
80.1
38.6
72.1
81.6
51.2
18.2
11.9
81.2
25.1
50.8
77.6
93.5
57
48.3
59.9
77.8
75.2
69.8
22.4
10.6
18.9
44.6
53.8
98.3
49.5
77.4
4.4
25
1.3
58.6
44.5
49.4
54.8
48.3
67
79.7
88.6
59.9
53.9
81.4
68.7
78
63.5
74.2
88.9
56.7
28.3
58.2
55.5
3.7
15.4
65.9
93.3
49
40.8
95.5
75.9
4.7
96.8
64.6
13.9
91.4
64
20.3
84.9
66.5
27.8
60.5
46.5
19
22.1
91
59.8
92.2
68.9
53.9
51.3
45.9
99.1
19.9
55.5
24
26.5
78.8
73.5
86.3
86.4
75.9
67.9
90
5.9
82.8
4.6
56.5
17.5
25.9
23.8
90.7
73.5
92.9
21.9
31.6
74.2
9.7
55.2
72.7
52.2
76.4
31.2
89.5
17.2
94.3
47.1
80.4
95.7
64.5
40.3
63.8
95.6
51.6
8.5
49.1
79.7
8.4
36.4
60.3
81.9
78.1
38.8
22.7
48.9
8
25.9
99.1
31.8
61.7
41.2
95.5
74.3
1.9
68
49.9
45
43.7
62.5
96.1
96
77.2
42.5
23.9
83.4
65.7
41.1
94.9
68.7
55.6
17.5
67.8
74.8
43.3
3.6
37.5
24.6
37
21.7
4.7
34
78.9
18
40.5
75.2
60
15.1
1.4
32
85
16.8
21.4
48.8
41.1
4.1
44.1
82.6
62.2
68.7
44.2
72
92.6
77.4
9.2
54.5
88.8
98
30.4
26.7
73.6
17.3
20.6
30.5
1.4
38.4
54.3
66.9
96.1
1.5
0.1
91.8
19.6
31.6
26.8
31.7
49.7
17
91
13.3
70
1.1
57
21.8
73
67.3
73.5
66.7
43.3
62.2
0.5
30.6
57.6
88.7
7.4
65.2
69.9
68.6
63.9
70.8
2.4
77.5
44.5
32.5
96.6
65.4
86.8
71.2
35.9
18.3
42.8
89.8
49
7.7
97.3
21.8
96.6
59.9
38.1
51.4
13.2
96
67.2
13.9
68.5
87.1
84.5
92.6
33.2
58.3
70.2
4
10
61.5
68
95.7
79.7
59.6
95.6
72.9
78.7
19.7
36.4
13.8
13.6
87.9
2.6
9
2.8
73
92.6
58.9
59.4
59.6
30.3
87
31.6
31.7
59.7
61.4
71.3
9.9
47.6
92.7
96.6
47.1
62.6
40.5
57.1
39.1
98
44.7
50.4
1.3
74.2
50.9
79.1
31.2
30.7
92.2
30.7
22.5
38.8
57.2
73.8
65.7
56.4
55.3
65.5
40.1
53.1
30.9
41.9
93
90.4
58.5
78.9
95.9
62.9
20.6
24.7
11.9
66.2
97.1
61.9
41.5
93.8
30.6
99
80
19.8
12.9
28.4
92.4
36.6
78.4
56.4
40.7
15.7
57.5
4.5
74.7
43
54.6
64.1
53.3
97.2
55.9
43.3
91.1
84.7
46.3
56.1
92.5
92
66
47.8
86.7
68
77
27.7
36.6
28.4
84.8
20.5
65.1
34.7
95.3
8
17.4
52.2
80.6
75.8
42.8
73.6
96.6
27.5
26.6
16.6
64.9
22.6
60.7
32.9
99.3
33
8.7
94.8
89.9
81.6
81.8
58.3
1.2
50.9
17.2
65.2
0.7
17.7
67.8
47.6
91
91.1
11.8
6.9
14.3
53.1
26.6
0.7
15.3
13.8
25
40.7
91
35.3
84.7
1.1
48.4
44.9
18.3
90.4
39.9
6.5
93
38.4
1.7
31.6
36.9
36
9.3
53.3
49.4
17.7
20
92
53.5
24.4
4.1
49.1
99.9
62
79.4
74.9
51
42.3
19.1
76.5
80.7
41.3
26.3
5.4
61.9
22
82.5
58.6
54.9
40.3
71.3
71.7
78.1
73.4
31.4
77.1
3.3
6.6
47
82
48.1
92.9
67.6
46.2
11.3
37.5
75.4
24.4
36.5
14.2
36.4
50.3
18.3
94.3
6.7
13
94.1
53
40
89.8
76.9
61.6
13.1
19.7
52.9
83.9
67.2
54.6
98.4
11
54.5
86.6
14.8
4.2
32.2
19.7
54.6
65.6
53.6
30.4
50.2
99.5
55.6
37.3
12
36
3.9
97.2
21.9
50.5
60.5
98.5
13.6
11.9
1.5
9.4
79.5
24.3
95.6
74.6
94.8
63
88.9
85.8
79.2
24
43.3
37.5
91.2
96.6
28.5
38.4
13.9
15.2
45.5
4.1
20.8
54.6
96.4
42
89.5
1.6
71.2
99.2
10.5
82.3
67.8
51.9
66.8
71.4
44.9
88.4
27.5
6.7
83.7
90.8
26.9
37.8
56.1
60.4
58.1
46.7
32.1
55.6
16.3
28.3
47
40.3
2.5
49.9
26.5
32.3
24
20.8
1.6
99
18.7
29.8
37.6
43.2
76.4
5.9
75.6
16.7
23.1
97.9
90.1
44.1
26.8
35.4
74.7
95.7
60
36.5
6.6
36.5
45.4
79.7
33.7
74.5
82.5
10.8
54.3
91.2
35.8
96.1
7
74.7
27.2
23
54
57
53.2
5.6
44
26.7
83
27.8
77
42.4
30.7
79.8
82.3
36.1
53.7
6.1
65.9
96.9
56.4
60.5
27.9
82.1
61.8
7.6
50.1
42.7
41.7
89.1
44.9
42.3
23.1
42.8
93.9
21.2
32.2
98.3
15.5
24.9
53.8
53.4
70
36.9
74
7.9
87.6
74.4
33.6
0.3
80.2
30.7
80.5
58.9
54.5
77.5
55.5
30.1
78.8
42
72.1
34.9
52.2
41.1
92
28.3
51.7
71.8
48
32.1
50.9
10.4
3.3
66.5
42.6
63.7
51.7
76.5
1.8
42.6
69.3
29.4
68
39.2
39.3
13.1
17.4
21.3
84.3
95.7
92.4
75.6
87
19.3
91.3
49.4
64.3
84.5
39.3
22.5
25.2
12.6
20.7
52
44.5
40.9
2.1
59.5
65.6
100
15.5
42.4
5.6
16
81.2
78.6
84
12.1
23.1
90.5
30
41.3
6.8
84.2
6.4
78.1
3.7
15.3
92
74.4
79.1
71.6
95.2
34.9
90.5
88.2
11.7
46
26.9
69.1
53.9
59.2
44.4
91.3
24.9
94.3
89.5
59.2
72.2
18.1
3.5
31.4
79.7
62.1
32.5
39.9
33.5
67.4
56.6
79.5
95.1
26.9
11.2
95.1
49.1
52
35.4
19.6
37.7
79.4
28.9
91.8
61.6
38.8
7.2
53.4
61.6
80.4
3.2
45.8
51.9
90.3
93.1
6.5
35
65.3
13.4
68.9
54.7
47.1
42.9
22
68.8
52.4
62.8
46.7
7.6
59.7
25.9
47.3
23.3
81.3
37.7
81.1
16.6
20.5
1.3
31.8
71.7
9.5
20
11.3
0.7
15.3
82.3
47.7
19.1
16.4
64.8
5.8
16.5
97.4
65
99.6
53.2
3.7
55.4
41.5
28.5
81.3
65.1
57.4
90.9
50
0.6
75.4
6.9
36.3
49.9
76.1
2.4
98.3
78.3
36.4
2.7
29.8
56.6
3
7.2
0.4
35.4
62.6
71.5
25.3
66.8
78
32.9
15.2
21.1
72.3
29.3
90.4
81.9
36.5
61.3
72.6
98.4
37.1
26.8
68.6
78.7
98.3
53
52.6
57.2
49.2
78.5
13.7
34.5
90
88.9
83.5
68.5
82.4
86.2
88.6
55.6
69.1
14.4
10
32.6
86.3
34
3.8
53.9
10.1
46.5
48.4
83
67.1
7.7
19.8
92.5
87.3
36.9
13
76.7
15.9
32.3
27.9
13.5
42.4
52.2
44.2
71.2
39.6
26.3
64.7
57
31.3
2.6
77
80.4
62
73
95.8
45
73.4
10.5
11.8
40.1
13.3
63.9
73
68
17.4
96.7
9.2
67.3
3.9
74.3
53.2
86.5
16.9
83.5
72.9
38
16.6
1.2
81.7
6.1
85.5
93.3
33
65.2
8.9
90.3
7.3
84
60.9
85.4
9.2
3.2
85.4
62.7
77.9
68.5
32.6
89
6
53.8
65.2
28.7
20.8
55.8
32.8
60.5
48.7
57.7
19.8
73.5
71.5
10.1
98.8
57.9
90.8
59.1
91.1
59.5
59.9
39.8
53.3
47.8
98.9
86
93.7
38.3
64.9
98.7
46.6
46
80.2
24.9
75.6
48.9
89
95.9
78.7
35.8
32.6
52.6
40.5
88.7
32.7
55.5
54.4
89
68
90.9
80.5
14.2
95.2
99.6
24.3
49.8
74.6
50.1
33.4
54.8
84.4
26.7
65.7
67.5
20.6
56.7
49.7
95.1
59.5
37.1
13.2
7.1
4.4
93.2
1.1
29.1
67.5
7.9
5.2
47.6
47.7
83.7
49.9
48.1
